Name,Tx,Ty,Tz,R11,R12,R13,R21,R22,R23,R31,R32,R33
img__0,-0.019137,0.006621,0.336347,0.172013,0.320269,0.931579,0.880976,-0.473162,0,0.440788,0.820698,-0.363539
img__1,-0.013263,0.015303,0.336347,0.589455,0.04078,0.806771,0.676941,-0.569905,-0.465789,0.440788,0.820698,-0.363539
img__2,-0.003834,0.019884,0.336347,0.848954,-0.249636,0.465789,0.29152,-0.513942,-0.806771,0.440788,0.820698,-0.363539
img__3,0.006621,0.019137,0.336347,0.880976,-0.473162,0,-0.172013,-0.320269,-0.931579,0.440788,0.820698,-0.363539
img__4,0.015303,0.013263,0.336347,0.676941,-0.569905,-0.465789,-0.589455,-0.04078,-0.806771,0.440788,0.820698,-0.363539
img__5,0.019884,0.003834,0.336347,0.29152,-0.513942,-0.806771,-0.848954,0.249636,-0.465789,0.440788,0.820698,-0.363539
img__6,-0.017264,-0.040179,0.334106,0.223551,0.296537,0.928488,0.798513,-0.601978,0,0.55893,0.74141,-0.371361
img__7,-0.03504,-0.026164,0.334106,0.592857,-0.044181,0.804095,0.579756,-0.669597,-0.464244,0.55893,0.74141,-0.371361
img__8,-0.043428,-0.005139,0.334106,0.803308,-0.37306,0.464244,0.205655,-0.557797,-0.804095,0.55893,0.74141,-0.371361
img__9,-0.040179,0.017264,0.334106,0.798513,-0.601978,0,-0.223551,-0.296537,-0.928488,0.55893,0.74141,-0.371361
img__10,-0.026164,0.03504,0.334106,0.579756,-0.669597,-0.464244,-0.592857,0.044181,-0.804095,0.55893,0.74141,-0.371361
img__11,-0.005139,0.043428,0.334106,0.205655,-0.557797,-0.804095,-0.803308,0.37306,-0.464244,0.55893,0.74141,-0.371361
img__12,-0.004931,0.014011,0.336628,-0.900537,0.375109,-0.21983,0,0.505614,0.86276,0.434779,0.776947,-0.455325
img__13,0.002735,0.014599,0.336628,-0.779888,0.577661,0.241001,0.450269,0.25032,0.857087,0.434779,0.776947,-0.455325
img__14,0.009668,0.011275,0.336628,-0.450269,0.62543,0.637257,0.779888,-0.072047,0.621758,0.434779,0.776947,-0.455325
img__15,0.014011,0.004931,0.336628,0,0.505614,0.86276,0.900537,-0.375109,0.21983,0.434779,0.776947,-0.455325
img__16,0.014599,-0.002735,0.336628,0.450269,0.25032,0.857087,0.779888,-0.577661,-0.241001,0.434779,0.776947,-0.455325
img__17,0.011275,-0.009668,0.336628,0.779888,-0.072047,0.621758,0.450269,-0.62543,-0.637257,0.434779,0.776947,-0.455325
img__18,-0.003872,-0.016883,0.33651,0.218862,0.341752,0.91395,0.842113,-0.539301,0,0.492894,0.76965,-0.405826
img__19,-0.011795,-0.012685,0.33651,0.610597,0.026316,0.791504,0.61986,-0.637924,-0.456975,0.492894,0.76965,-0.405826
img__20,-0.016557,-0.005089,0.33651,0.838723,-0.296172,0.456975,0.231516,-0.565616,-0.791504,0.492894,0.76965,-0.405826
img__21,-0.016883,0.003872,0.33651,0.842113,-0.539301,0,-0.218862,-0.341752,-0.91395,0.492894,0.76965,-0.405826
img__22,-0.012685,0.011795,0.33651,0.61986,-0.637924,-0.456975,-0.610597,-0.026316,-0.791504,0.492894,0.76965,-0.405826
img__23,-0.005089,0.016557,0.33651,0.231516,-0.565616,-0.791504,-0.838723,0.296172,-0.456975,0.492894,0.76965,-0.405826
img__24,-0.009244,-0.018949,0.336295,0.213254,0.328096,0.920258,0.838453,-0.544974,0,0.501516,0.771593,-0.391312
img__25,-0.01748,-0.011788,0.336295,0.60391,0.011653,0.796967,0.619495,-0.636009,-0.460129,0.501516,0.771593,-0.391312
img__26,-0.021032,-0.001469,0.336295,0.832749,-0.307913,0.460129,0.234543,-0.556627,-0.796967,0.501516,0.771593,-0.391312
img__27,-0.018949,0.009244,0.336295,0.838453,-0.544974,0,-0.213254,-0.328096,-0.920258,0.501516,0.771593,-0.391312
img__28,-0.011788,0.01748,0.336295,0.619495,-0.636009,-0.460129,-0.60391,-0.011653,-0.796967,0.501516,0.771593,-0.391312
img__29,-0.001469,0.021032,0.336295,0.234543,-0.556627,-0.796967,-0.832749,0.307913,-0.460129,0.501516,0.771593,-0.391312
img__30,-0.007901,0.013237,0.336603,0.179186,0.351638,0.918827,0.890989,-0.454025,0,0.41717,0.818665,-0.39466
img__31,-0.000224,0.015414,0.336603,0.600674,0.077515,0.795728,0.682026,-0.569016,-0.459414,0.41717,0.818665,-0.39466
img__32,0.007513,0.013461,0.336603,0.861212,-0.217378,0.459414,0.290315,-0.53154,-0.795728,0.41717,0.818665,-0.39466
img__33,0.013237,0.007901,0.336603,0.890989,-0.454025,0,-0.179186,-0.351638,-0.918827,0.41717,0.818665,-0.39466
img__34,0.015414,0.000224,0.336603,0.682026,-0.569016,-0.459414,-0.600674,-0.077515,-0.795728,0.41717,0.818665,-0.39466
img__35,0.013461,-0.007513,0.336603,0.290315,-0.53154,-0.795728,-0.861212,0.217378,-0.459414,0.41717,0.818665,-0.39466
img__36,-0.023791,-0.003339,0.336098,-0.923626,0.341299,-0.174443,0,0.455114,0.890433,0.383295,0.822427,-0.420355
img__37,-0.022273,0.009004,0.336098,-0.799883,0.523131,0.294144,0.461813,0.223491,0.858359,0.383295,0.822427,-0.420355
img__38,-0.014787,0.018934,0.336098,-0.461813,0.56479,0.683916,0.799883,-0.068016,0.596289,0.383295,0.822427,-0.420355
img__39,-0.003339,0.023791,0.336098,0,0.455114,0.890433,0.923626,-0.341299,0.174443,0.383295,0.822427,-0.420355
img__40,0.009004,0.022273,0.336098,0.461813,0.223491,0.858359,0.799883,-0.523131,-0.294144,0.383295,0.822427,-0.420355
img__41,0.018934,0.014787,0.336098,0.799883,-0.068016,0.596289,0.461813,-0.56479,-0.683916,0.383295,0.822427,-0.420355
img__42,-0.025912,-0.019718,0.335379,0.188871,0.288988,0.938517,0.83708,-0.547081,0,0.513444,0.785614,-0.345234
img__43,-0.0323,-0.00412,0.335379,0.582107,-0.023269,0.812779,0.630497,-0.61828,-0.469258,0.513444,0.785614,-0.345234
img__44,-0.030032,0.012582,0.335379,0.819368,-0.329292,0.469258,0.254973,-0.523811,-0.812779,0.513444,0.785614,-0.345234
img__45,-0.019718,0.025912,0.335379,0.83708,-0.547081,0,-0.188871,-0.288988,-0.938517,0.513444,0.785614,-0.345234
img__46,-0.00412,0.0323,0.335379,0.630497,-0.61828,-0.469258,-0.582107,0.023269,-0.812779,0.513444,0.785614,-0.345234
img__47,0.012582,0.030032,0.335379,0.254973,-0.523811,-0.812779,-0.819368,0.329292,-0.469258,0.513444,0.785614,-0.345234
img__48,-0.001995,0.006548,0.336886,0.194309,0.361573,0.911871,0.880862,-0.473373,0,0.431655,0.803233,-0.410477
img__49,0.001546,0.006668,0.336886,0.608707,0.076445,0.789704,0.665695,-0.59074,-0.455936,0.431655,0.803233,-0.410477
img__50,0.004673,0.005002,0.336886,0.860003,-0.229166,0.455936,0.272155,-0.549818,-0.789704,0.431655,0.803233,-0.410477
img__51,0.006548,0.001995,0.336886,0.880862,-0.473373,0,-0.194309,-0.361573,-0.911871,0.431655,0.803233,-0.410477
img__52,0.006668,-0.001546,0.336886,0.665695,-0.59074,-0.455936,-0.608707,-0.076445,-0.789704,0.431655,0.803233,-0.410477
img__53,0.005002,-0.004673,0.336886,0.272155,-0.549818,-0.789704,-0.860003,0.229166,-0.455936,0.431655,0.803233,-0.410477
img__54,-0.015036,0.022164,0.33589,0.160706,0.339511,0.926772,0.903856,-0.427837,0,0.396507,0.837668,-0.375625
img__55,-0.00194,0.026712,0.33589,0.591103,0.080106,0.802608,0.702409,-0.540273,-0.463386,0.396507,0.837668,-0.375625
img__56,0.011676,0.024103,0.33589,0.863115,-0.200762,0.463386,0.312753,-0.507943,-0.802608,0.396507,0.837668,-0.375625
img__57,0.022164,0.015036,0.33589,0.903856,-0.427837,0,-0.160706,-0.339511,-0.926772,0.396507,0.837668,-0.375625
img__58,0.026712,0.00194,0.33589,0.702409,-0.540273,-0.463386,-0.591103,-0.080106,-0.802608,0.396507,0.837668,-0.375625
img__59,0.024103,-0.011676,0.33589,0.312753,-0.507943,-0.802608,-0.863115,0.200762,-0.463386,0.396507,0.837668,-0.375625
img__60,0.005053,-0.02514,0.335978,0.241916,0.35619,0.902555,0.827243,-0.561844,0,0.507095,0.746632,-0.430575
img__61,-0.008194,-0.024298,0.335978,0.623127,0.027547,0.781635,0.595455,-0.664667,-0.451277,0.507095,0.746632,-0.430575
img__62,-0.019245,-0.016946,0.335978,0.837371,-0.308477,0.451277,0.204116,-0.589392,-0.781635,0.507095,0.746632,-0.430575
img__63,-0.02514,-0.005053,0.335978,0.827243,-0.561844,0,-0.241916,-0.35619,-0.902555,0.507095,0.746632,-0.430575
img__64,-0.024298,0.008194,0.335978,0.595455,-0.664667,-0.451277,-0.623127,-0.027547,-0.781635,0.507095,0.746632,-0.430575
img__65,-0.016946,0.019245,0.335978,0.204116,-0.589392,-0.781635,-0.837371,0.308477,-0.451277,0.507095,0.746632,-0.430575
img__66,-0.003842,0.001151,0.336932,0.198163,0.353663,0.914141,0.872389,-0.488813,0,0.446844,0.797486,-0.405396
img__67,-0.002752,0.002918,0.336932,0.607808,0.061874,0.79167,0.656429,-0.600156,-0.457071,0.446844,0.797486,-0.405396
img__68,-0.000924,0.003903,0.336932,0.854592,-0.246493,0.457071,0.26458,-0.550687,-0.79167,0.446844,0.797486,-0.405396
img__69,0.001151,0.003842,0.336932,0.872389,-0.488813,0,-0.198163,-0.353663,-0.914141,0.446844,0.797486,-0.405396
img__70,0.002918,0.002752,0.336932,0.656429,-0.600156,-0.457071,-0.607808,-0.061874,-0.79167,0.446844,0.797486,-0.405396
img__71,0.003903,0.000924,0.336932,0.26458,-0.550687,-0.79167,-0.854592,0.246493,-0.457071,0.446844,0.797486,-0.405396
img__72,-0.004825,-0.007232,0.336843,0.206442,0.345897,0.91528,0.858691,-0.512494,0,0.469075,0.785943,-0.402818
img__73,-0.007795,-0.00385,0.336843,0.608129,0.043308,0.792656,0.640427,-0.616781,-0.45764,0.469075,0.785943,-0.402818
img__74,-0.008676,0.000563,0.336843,0.846869,-0.270884,0.45764,0.250562,-0.555802,-0.792656,0.469075,0.785943,-0.402818
img__75,-0.007232,0.004825,0.336843,0.858691,-0.512494,0,-0.206442,-0.345897,-0.91528,0.469075,0.785943,-0.402818
img__76,-0.00385,0.007795,0.336843,0.640427,-0.616781,-0.45764,-0.608129,-0.043308,-0.792656,0.469075,0.785943,-0.402818
img__77,0.000563,0.008676,0.336843,0.250562,-0.555802,-0.792656,-0.846869,0.270884,-0.45764,0.469075,0.785943,-0.402818
img__78,-0.016388,-0.028256,0.335369,0.212369,0.30592,0.928069,0.821465,-0.570258,0,0.529239,0.762377,-0.372408
img__79,-0.02832,-0.016276,0.335369,0.59465,-0.020194,0.803731,0.605225,-0.646819,-0.464035,0.529239,0.762377,-0.372408
img__80,-0.032664,0.000065,0.335369,0.817594,-0.340898,0.464035,0.226816,-0.550064,-0.803731,0.529239,0.762377,-0.372408
img__81,-0.028256,0.016388,0.335369,0.821465,-0.570258,0,-0.212369,-0.30592,-0.928069,0.529239,0.762377,-0.372408
img__82,-0.016276,0.02832,0.335369,0.605225,-0.646819,-0.464035,-0.59465,0.020194,-0.803731,0.529239,0.762377,-0.372408
img__83,0.000065,0.032664,0.335369,0.226816,-0.550064,-0.803731,-0.817594,0.340898,-0.464035,0.529239,0.762377,-0.372408
img__84,-0.000428,-0.034292,0.335206,0.244416,0.337614,0.908998,0.810014,-0.586411,0,0.533047,0.736301,-0.4168
img__85,-0.017517,-0.029483,0.335206,0.616677,-0.000824,0.787216,0.579284,-0.676654,-0.454499,0.533047,0.736301,-0.4168
img__86,-0.029912,-0.016775,0.335206,0.8237,-0.33904,0.454499,0.193336,-0.585588,-0.787216,0.533047,0.736301,-0.4168
img__87,-0.034292,0.000428,0.335206,0.810014,-0.586411,0,-0.244416,-0.337614,-0.908998,0.533047,0.736301,-0.4168
img__88,-0.029483,0.017517,0.335206,0.579284,-0.676654,-0.454499,-0.616677,0.000824,-0.787216,0.533047,0.736301,-0.4168
img__89,-0.016775,0.029912,0.335206,0.193336,-0.585588,-0.787216,-0.8237,0.33904,-0.454499,0.533047,0.736301,-0.4168
img__90,-0.02211,-0.006586,0.336165,0.18144,0.305466,0.934757,0.859769,-0.510684,0,0.477365,0.803675,-0.355289
img__91,-0.022441,0.005351,0.336165,0.587016,0.0092,0.809523,0.653862,-0.594998,-0.467378,0.477365,0.803675,-0.355289
img__92,-0.016759,0.015855,0.336165,0.835302,-0.289532,0.467378,0.272753,-0.519883,-0.809523,0.477365,0.803675,-0.355289
img__93,-0.006586,0.02211,0.336165,0.859769,-0.510684,0,-0.18144,-0.305466,-0.934757,0.477365,0.803675,-0.355289
img__94,0.005351,0.022441,0.336165,0.653862,-0.594998,-0.467378,-0.587016,-0.0092,-0.809523,0.477365,0.803675,-0.355289
img__95,0.015855,0.016759,0.336165,0.272753,-0.519883,-0.809523,-0.835302,0.289532,-0.467378,0.477365,0.803675,-0.355289
img__96,-0.009225,-0.026217,0.335807,0.221351,0.32345,0.919991,0.825256,-0.564758,0,0.519573,0.759229,-0.391939
img__97,-0.021098,-0.018092,0.335807,0.604324,-0.002263,0.796736,0.604018,-0.65082,-0.459996,0.519573,0.759229,-0.391939
img__98,-0.027317,-0.005119,0.335807,0.825368,-0.32737,0.459996,0.220933,-0.562495,-0.796736,0.519573,0.759229,-0.391939
img__99,-0.026217,0.009225,0.335807,0.825256,-0.564758,0,-0.221351,-0.32345,-0.919991,0.519573,0.759229,-0.391939
img__100,-0.018092,0.021098,0.335807,0.604018,-0.65082,-0.459996,-0.604324,0.002263,-0.796736,0.519573,0.759229,-0.391939
img__101,-0.005119,0.027317,0.335807,0.220933,-0.562495,-0.796736,-0.825368,0.32737,-0.459996,0.519573,0.759229,-0.391939
img__102,-0.020217,-0.030659,0.334948,0.208781,0.29575,0.932171,0.816946,-0.576714,0,0.537596,0.761533,-0.362019
img__103,-0.032838,-0.016443,0.334948,0.589283,-0.03223,0.807284,0.603106,-0.647324,-0.466085,0.537596,0.761533,-0.362019
img__104,-0.03666,0.002179,0.334948,0.811887,-0.351574,0.466085,0.227663,-0.544484,-0.807284,0.537596,0.761533,-0.362019
img__105,-0.030659,0.020217,0.334948,0.816946,-0.576714,0,-0.208781,-0.29575,-0.932171,0.537596,0.761533,-0.362019
img__106,-0.016443,0.032838,0.334948,0.603106,-0.647324,-0.466085,-0.589283,0.03223,-0.807284,0.537596,0.761533,-0.362019
img__107,0.002179,0.03666,0.334948,0.227663,-0.544484,-0.807284,-0.811887,0.351574,-0.466085,0.537596,0.761533,-0.362019
img__108,-0.015054,-0.009758,0.336478,0.194784,0.320332,0.927063,0.854436,-0.519557,0,0.481662,0.792116,-0.374904
img__109,-0.017916,-0.000923,0.336478,0.595906,0.017637,0.802861,0.642571,-0.610116,-0.463532,0.481662,0.792116,-0.374904
img__110,-0.015978,0.008158,0.336478,0.837355,-0.289784,0.463532,0.25853,-0.537194,-0.802861,0.481662,0.792116,-0.374904
img__111,-0.009758,0.015054,0.336478,0.854436,-0.519557,0,-0.194784,-0.320332,-0.927063,0.481662,0.792116,-0.374904
img__112,-0.000923,0.017916,0.336478,0.642571,-0.610116,-0.463532,-0.595906,-0.017637,-0.802861,0.481662,0.792116,-0.374904
img__113,0.008158,0.015978,0.336478,0.25853,-0.537194,-0.802861,-0.837355,0.289784,-0.463532,0.481662,0.792116,-0.374904
img__114,-0.016356,-0.003267,0.336543,-0.914928,0.359349,-0.183777,0,0.455327,0.890324,0.403616,0.814583,-0.416592
img__115,-0.015798,0.005349,0.336543,-0.792351,0.538869,0.286006,0.457464,0.21465,0.862932,0.403616,0.814583,-0.416592
img__116,-0.011007,0.012532,0.336543,-0.457464,0.573999,0.679155,0.792351,-0.083542,0.604318,0.403616,0.814583,-0.416592
img__117,-0.003267,0.016356,0.336543,0,0.455327,0.890324,0.914928,-0.359349,0.183777,0.403616,0.814583,-0.416592
img__118,0.005349,0.015798,0.336543,0.457464,0.21465,0.862932,0.792351,-0.538869,-0.286006,0.403616,0.814583,-0.416592
img__119,0.012532,0.011007,0.336543,0.792351,-0.083542,0.604318,0.457464,-0.573999,-0.679155,0.403616,0.814583,-0.416592
img__120,-0.019137,0.006621,0.336347,0.172013,0.320269,0.931579,0.880976,-0.473162,0,0.440788,0.820698,-0.363539
img__121,-0.013263,0.015303,0.336347,0.589455,0.04078,0.806771,0.676941,-0.569905,-0.465789,0.440788,0.820698,-0.363539
img__122,-0.003834,0.019884,0.336347,0.848954,-0.249636,0.465789,0.29152,-0.513942,-0.806771,0.440788,0.820698,-0.363539
img__123,0.006621,0.019137,0.336347,0.880976,-0.473162,0,-0.172013,-0.320269,-0.931579,0.440788,0.820698,-0.363539
img__124,0.015303,0.013263,0.336347,0.676941,-0.569905,-0.465789,-0.589455,-0.04078,-0.806771,0.440788,0.820698,-0.363539
img__125,0.019884,0.003834,0.336347,0.29152,-0.513942,-0.806771,-0.848954,0.249636,-0.465789,0.440788,0.820698,-0.363539
img__126,-0.017264,-0.040179,0.334106,0.223551,0.296537,0.928488,0.798513,-0.601978,0,0.55893,0.74141,-0.371361
img__127,-0.03504,-0.026164,0.334106,0.592857,-0.044181,0.804095,0.579756,-0.669597,-0.464244,0.55893,0.74141,-0.371361
img__128,-0.043428,-0.005139,0.334106,0.803308,-0.37306,0.464244,0.205655,-0.557797,-0.804095,0.55893,0.74141,-0.371361
img__129,-0.040179,0.017264,0.334106,0.798513,-0.601978,0,-0.223551,-0.296537,-0.928488,0.55893,0.74141,-0.371361
img__130,-0.026164,0.03504,0.334106,0.579756,-0.669597,-0.464244,-0.592857,0.044181,-0.804095,0.55893,0.74141,-0.371361
img__131,-0.005139,0.043428,0.334106,0.205655,-0.557797,-0.804095,-0.803308,0.37306,-0.464244,0.55893,0.74141,-0.371361
img__132,-0.004931,0.014011,0.336628,-0.900537,0.375109,-0.21983,0,0.505614,0.86276,0.434779,0.776947,-0.455325
img__133,0.002735,0.014599,0.336628,-0.779888,0.577661,0.241001,0.450269,0.25032,0.857087,0.434779,0.776947,-0.455325
img__134,0.009668,0.011275,0.336628,-0.450269,0.62543,0.637257,0.779888,-0.072047,0.621758,0.434779,0.776947,-0.455325
img__135,0.014011,0.004931,0.336628,0,0.505614,0.86276,0.900537,-0.375109,0.21983,0.434779,0.776947,-0.455325
img__136,0.014599,-0.002735,0.336628,0.450269,0.25032,0.857087,0.779888,-0.577661,-0.241001,0.434779,0.776947,-0.455325
img__137,0.011275,-0.009668,0.336628,0.779888,-0.072047,0.621758,0.450269,-0.62543,-0.637257,0.434779,0.776947,-0.455325
img__138,-0.003872,-0.016883,0.33651,0.218862,0.341752,0.91395,0.842113,-0.539301,0,0.492894,0.76965,-0.405826
img__139,-0.011795,-0.012685,0.33651,0.610597,0.026316,0.791504,0.61986,-0.637924,-0.456975,0.492894,0.76965,-0.405826
img__140,-0.016557,-0.005089,0.33651,0.838723,-0.296172,0.456975,0.231516,-0.565616,-0.791504,0.492894,0.76965,-0.405826
img__141,-0.016883,0.003872,0.33651,0.842113,-0.539301,0,-0.218862,-0.341752,-0.91395,0.492894,0.76965,-0.405826
img__142,-0.012685,0.011795,0.33651,0.61986,-0.637924,-0.456975,-0.610597,-0.026316,-0.791504,0.492894,0.76965,-0.405826
img__143,-0.005089,0.016557,0.33651,0.231516,-0.565616,-0.791504,-0.838723,0.296172,-0.456975,0.492894,0.76965,-0.405826
img__144,-0.009244,-0.018949,0.336295,0.213254,0.328096,0.920258,0.838453,-0.544974,0,0.501516,0.771593,-0.391312
img__145,-0.01748,-0.011788,0.336295,0.60391,0.011653,0.796967,0.619495,-0.636009,-0.460129,0.501516,0.771593,-0.391312
img__146,-0.021032,-0.001469,0.336295,0.832749,-0.307913,0.460129,0.234543,-0.556627,-0.796967,0.501516,0.771593,-0.391312
img__147,-0.018949,0.009244,0.336295,0.838453,-0.544974,0,-0.213254,-0.328096,-0.920258,0.501516,0.771593,-0.391312
img__148,-0.011788,0.01748,0.336295,0.619495,-0.636009,-0.460129,-0.60391,-0.011653,-0.796967,0.501516,0.771593,-0.391312
img__149,-0.001469,0.021032,0.336295,0.234543,-0.556627,-0.796967,-0.832749,0.307913,-0.460129,0.501516,0.771593,-0.391312
img__150,-0.007901,0.013237,0.336603,0.179186,0.351638,0.918827,0.890989,-0.454025,0,0.41717,0.818665,-0.39466
img__151,-0.000224,0.015414,0.336603,0.600674,0.077515,0.795728,0.682026,-0.569016,-0.459414,0.41717,0.818665,-0.39466
img__152,0.007513,0.013461,0.336603,0.861212,-0.217378,0.459414,0.290315,-0.53154,-0.795728,0.41717,0.818665,-0.39466
img__153,0.013237,0.007901,0.336603,0.890989,-0.454025,0,-0.179186,-0.351638,-0.918827,0.41717,0.818665,-0.39466
img__154,0.015414,0.000224,0.336603,0.682026,-0.569016,-0.459414,-0.600674,-0.077515,-0.795728,0.41717,0.818665,-0.39466
img__155,0.013461,-0.007513,0.336603,0.290315,-0.53154,-0.795728,-0.861212,0.217378,-0.459414,0.41717,0.818665,-0.39466
img__156,-0.023791,-0.003339,0.336098,-0.923626,0.341299,-0.174443,0,0.455114,0.890433,0.383295,0.822427,-0.420355
img__157,-0.022273,0.009004,0.336098,-0.799883,0.523131,0.294144,0.461813,0.223491,0.858359,0.383295,0.822427,-0.420355
img__158,-0.014787,0.018934,0.336098,-0.461813,0.56479,0.683916,0.799883,-0.068016,0.596289,0.383295,0.822427,-0.420355
img__159,-0.003339,0.023791,0.336098,0,0.455114,0.890433,0.923626,-0.341299,0.174443,0.383295,0.822427,-0.420355
img__160,0.009004,0.022273,0.336098,0.461813,0.223491,0.858359,0.799883,-0.523131,-0.294144,0.383295,0.822427,-0.420355
img__161,0.018934,0.014787,0.336098,0.799883,-0.068016,0.596289,0.461813,-0.56479,-0.683916,0.383295,0.822427,-0.420355
img__162,-0.025912,-0.019718,0.335379,0.188871,0.288988,0.938517,0.83708,-0.547081,0,0.513444,0.785614,-0.345234
img__163,-0.0323,-0.00412,0.335379,0.582107,-0.023269,0.812779,0.630497,-0.61828,-0.469258,0.513444,0.785614,-0.345234
img__164,-0.030032,0.012582,0.335379,0.819368,-0.329292,0.469258,0.254973,-0.523811,-0.812779,0.513444,0.785614,-0.345234
img__165,-0.019718,0.025912,0.335379,0.83708,-0.547081,0,-0.188871,-0.288988,-0.938517,0.513444,0.785614,-0.345234
img__166,-0.00412,0.0323,0.335379,0.630497,-0.61828,-0.469258,-0.582107,0.023269,-0.812779,0.513444,0.785614,-0.345234
img__167,0.012582,0.030032,0.335379,0.254973,-0.523811,-0.812779,-0.819368,0.329292,-0.469258,0.513444,0.785614,-0.345234
img__168,-0.001995,0.006548,0.336886,0.194309,0.361573,0.911871,0.880862,-0.473373,0,0.431655,0.803233,-0.410477
img__169,0.001546,0.006668,0.336886,0.608707,0.076445,0.789704,0.665695,-0.59074,-0.455936,0.431655,0.803233,-0.410477
img__170,0.004673,0.005002,0.336886,0.860003,-0.229166,0.455936,0.272155,-0.549818,-0.789704,0.431655,0.803233,-0.410477
img__171,0.006548,0.001995,0.336886,0.880862,-0.473373,0,-0.194309,-0.361573,-0.911871,0.431655,0.803233,-0.410477
img__172,0.006668,-0.001546,0.336886,0.665695,-0.59074,-0.455936,-0.608707,-0.076445,-0.789704,0.431655,0.803233,-0.410477
img__173,0.005002,-0.004673,0.336886,0.272155,-0.549818,-0.789704,-0.860003,0.229166,-0.455936,0.431655,0.803233,-0.410477
img__174,-0.015036,0.022164,0.33589,0.160706,0.339511,0.926772,0.903856,-0.427837,0,0.396507,0.837668,-0.375625
img__175,-0.00194,0.026712,0.33589,0.591103,0.080106,0.802608,0.702409,-0.540273,-0.463386,0.396507,0.837668,-0.375625
img__176,0.011676,0.024103,0.33589,0.863115,-0.200762,0.463386,0.312753,-0.507943,-0.802608,0.396507,0.837668,-0.375625
img__177,0.022164,0.015036,0.33589,0.903856,-0.427837,0,-0.160706,-0.339511,-0.926772,0.396507,0.837668,-0.375625
img__178,0.026712,0.00194,0.33589,0.702409,-0.540273,-0.463386,-0.591103,-0.080106,-0.802608,0.396507,0.837668,-0.375625
img__179,0.024103,-0.011676,0.33589,0.312753,-0.507943,-0.802608,-0.863115,0.200762,-0.463386,0.396507,0.837668,-0.375625
img__180,0.005053,-0.02514,0.335978,0.241916,0.35619,0.902555,0.827243,-0.561844,0,0.507095,0.746632,-0.430575
img__181,-0.008194,-0.024298,0.335978,0.623127,0.027547,0.781635,0.595455,-0.664667,-0.451277,0.507095,0.746632,-0.430575
img__182,-0.019245,-0.016946,0.335978,0.837371,-0.308477,0.451277,0.204116,-0.589392,-0.781635,0.507095,0.746632,-0.430575
img__183,-0.02514,-0.005053,0.335978,0.827243,-0.561844,0,-0.241916,-0.35619,-0.902555,0.507095,0.746632,-0.430575
img__184,-0.024298,0.008194,0.335978,0.595455,-0.664667,-0.451277,-0.623127,-0.027547,-0.781635,0.507095,0.746632,-0.430575
img__185,-0.016946,0.019245,0.335978,0.204116,-0.589392,-0.781635,-0.837371,0.308477,-0.451277,0.507095,0.746632,-0.430575
img__186,-0.003842,0.001151,0.336932,0.198163,0.353663,0.914141,0.872389,-0.488813,0,0.446844,0.797486,-0.405396
img__187,-0.002752,0.002918,0.336932,0.607808,0.061874,0.79167,0.656429,-0.600156,-0.457071,0.446844,0.797486,-0.405396
img__188,-0.000924,0.003903,0.336932,0.854592,-0.246493,0.457071,0.26458,-0.550687,-0.79167,0.446844,0.797486,-0.405396
img__189,0.001151,0.003842,0.336932,0.872389,-0.488813,0,-0.198163,-0.353663,-0.914141,0.446844,0.797486,-0.405396
img__190,0.002918,0.002752,0.336932,0.656429,-0.600156,-0.457071,-0.607808,-0.061874,-0.79167,0.446844,0.797486,-0.405396
img__191,0.003903,0.000924,0.336932,0.26458,-0.550687,-0.79167,-0.854592,0.246493,-0.457071,0.446844,0.797486,-0.405396
img__192,-0.004825,-0.007232,0.336843,0.206442,0.345897,0.91528,0.858691,-0.512494,0,0.469075,0.785943,-0.402818
img__193,-0.007795,-0.00385,0.336843,0.608129,0.043308,0.792656,0.640427,-0.616781,-0.45764,0.469075,0.785943,-0.402818
img__194,-0.008676,0.000563,0.336843,0.846869,-0.270884,0.45764,0.250562,-0.555802,-0.792656,0.469075,0.785943,-0.402818
img__195,-0.007232,0.004825,0.336843,0.858691,-0.512494,0,-0.206442,-0.345897,-0.91528,0.469075,0.785943,-0.402818
img__196,-0.00385,0.007795,0.336843,0.640427,-0.616781,-0.45764,-0.608129,-0.043308,-0.792656,0.469075,0.785943,-0.402818
img__197,0.000563,0.008676,0.336843,0.250562,-0.555802,-0.792656,-0.846869,0.270884,-0.45764,0.469075,0.785943,-0.402818
img__198,-0.016388,-0.028256,0.335369,0.212369,0.30592,0.928069,0.821465,-0.570258,0,0.529239,0.762377,-0.372408
img__199,-0.02832,-0.016276,0.335369,0.59465,-0.020194,0.803731,0.605225,-0.646819,-0.464035,0.529239,0.762377,-0.372408
img__200,-0.032664,0.000065,0.335369,0.817594,-0.340898,0.464035,0.226816,-0.550064,-0.803731,0.529239,0.762377,-0.372408
img__201,-0.028256,0.016388,0.335369,0.821465,-0.570258,0,-0.212369,-0.30592,-0.928069,0.529239,0.762377,-0.372408
img__202,-0.016276,0.02832,0.335369,0.605225,-0.646819,-0.464035,-0.59465,0.020194,-0.803731,0.529239,0.762377,-0.372408
img__203,0.000065,0.032664,0.335369,0.226816,-0.550064,-0.803731,-0.817594,0.340898,-0.464035,0.529239,0.762377,-0.372408
img__204,-0.000428,-0.034292,0.335206,0.244416,0.337614,0.908998,0.810014,-0.586411,0,0.533047,0.736301,-0.4168
img__205,-0.017517,-0.029483,0.335206,0.616677,-0.000824,0.787216,0.579284,-0.676654,-0.454499,0.533047,0.736301,-0.4168
img__206,-0.029912,-0.016775,0.335206,0.8237,-0.33904,0.454499,0.193336,-0.585588,-0.787216,0.533047,0.736301,-0.4168
img__207,-0.034292,0.000428,0.335206,0.810014,-0.586411,0,-0.244416,-0.337614,-0.908998,0.533047,0.736301,-0.4168
img__208,-0.029483,0.017517,0.335206,0.579284,-0.676654,-0.454499,-0.616677,0.000824,-0.787216,0.533047,0.736301,-0.4168
img__209,-0.016775,0.029912,0.335206,0.193336,-0.585588,-0.787216,-0.8237,0.33904,-0.454499,0.533047,0.736301,-0.4168
img__210,-0.02211,-0.006586,0.336165,0.18144,0.305466,0.934757,0.859769,-0.510684,0,0.477365,0.803675,-0.355289
img__211,-0.022441,0.005351,0.336165,0.587016,0.0092,0.809523,0.653862,-0.594998,-0.467378,0.477365,0.803675,-0.355289
img__212,-0.016759,0.015855,0.336165,0.835302,-0.289532,0.467378,0.272753,-0.519883,-0.809523,0.477365,0.803675,-0.355289
img__213,-0.006586,0.02211,0.336165,0.859769,-0.510684,0,-0.18144,-0.305466,-0.934757,0.477365,0.803675,-0.355289
img__214,0.005351,0.022441,0.336165,0.653862,-0.594998,-0.467378,-0.587016,-0.0092,-0.809523,0.477365,0.803675,-0.355289
img__215,0.015855,0.016759,0.336165,0.272753,-0.519883,-0.809523,-0.835302,0.289532,-0.467378,0.477365,0.803675,-0.355289
img__216,-0.009225,-0.026217,0.335807,0.221351,0.32345,0.919991,0.825256,-0.564758,0,0.519573,0.759229,-0.391939
img__217,-0.021098,-0.018092,0.335807,0.604324,-0.002263,0.796736,0.604018,-0.65082,-0.459996,0.519573,0.759229,-0.391939
img__218,-0.027317,-0.005119,0.335807,0.825368,-0.32737,0.459996,0.220933,-0.562495,-0.796736,0.519573,0.759229,-0.391939
img__219,-0.026217,0.009225,0.335807,0.825256,-0.564758,0,-0.221351,-0.32345,-0.919991,0.519573,0.759229,-0.391939
img__220,-0.018092,0.021098,0.335807,0.604018,-0.65082,-0.459996,-0.604324,0.002263,-0.796736,0.519573,0.759229,-0.391939
img__221,-0.005119,0.027317,0.335807,0.220933,-0.562495,-0.796736,-0.825368,0.32737,-0.459996,0.519573,0.759229,-0.391939
img__222,-0.020217,-0.030659,0.334948,0.208781,0.29575,0.932171,0.816946,-0.576714,0,0.537596,0.761533,-0.362019
img__223,-0.032838,-0.016443,0.334948,0.589283,-0.03223,0.807284,0.603106,-0.647324,-0.466085,0.537596,0.761533,-0.362019
img__224,-0.03666,0.002179,0.334948,0.811887,-0.351574,0.466085,0.227663,-0.544484,-0.807284,0.537596,0.761533,-0.362019
img__225,-0.030659,0.020217,0.334948,0.816946,-0.576714,0,-0.208781,-0.29575,-0.932171,0.537596,0.761533,-0.362019
img__226,-0.016443,0.032838,0.334948,0.603106,-0.647324,-0.466085,-0.589283,0.03223,-0.807284,0.537596,0.761533,-0.362019
img__227,0.002179,0.03666,0.334948,0.227663,-0.544484,-0.807284,-0.811887,0.351574,-0.466085,0.537596,0.761533,-0.362019
img__228,-0.015054,-0.009758,0.336478,0.194784,0.320332,0.927063,0.854436,-0.519557,0,0.481662,0.792116,-0.374904
img__229,-0.017916,-0.000923,0.336478,0.595906,0.017637,0.802861,0.642571,-0.610116,-0.463532,0.481662,0.792116,-0.374904
img__230,-0.015978,0.008158,0.336478,0.837355,-0.289784,0.463532,0.25853,-0.537194,-0.802861,0.481662,0.792116,-0.374904
img__231,-0.009758,0.015054,0.336478,0.854436,-0.519557,0,-0.194784,-0.320332,-0.927063,0.481662,0.792116,-0.374904
img__232,-0.000923,0.017916,0.336478,0.642571,-0.610116,-0.463532,-0.595906,-0.017637,-0.802861,0.481662,0.792116,-0.374904
img__233,0.008158,0.015978,0.336478,0.25853,-0.537194,-0.802861,-0.837355,0.289784,-0.463532,0.481662,0.792116,-0.374904
img__234,-0.016356,-0.003267,0.336543,-0.914928,0.359349,-0.183777,0,0.455327,0.890324,0.403616,0.814583,-0.416592
img__235,-0.015798,0.005349,0.336543,-0.792351,0.538869,0.286006,0.457464,0.21465,0.862932,0.403616,0.814583,-0.416592
img__236,-0.011007,0.012532,0.336543,-0.457464,0.573999,0.679155,0.792351,-0.083542,0.604318,0.403616,0.814583,-0.416592
img__237,-0.003267,0.016356,0.336543,0,0.455327,0.890324,0.914928,-0.359349,0.183777,0.403616,0.814583,-0.416592
img__238,0.005349,0.015798,0.336543,0.457464,0.21465,0.862932,0.792351,-0.538869,-0.286006,0.403616,0.814583,-0.416592
img__239,0.012532,0.011007,0.336543,0.792351,-0.083542,0.604318,0.457464,-0.573999,-0.679155,0.403616,0.814583,-0.416592
img__240,-0.019137,0.006621,0.336347,0.172013,0.320269,0.931579,0.880976,-0.473162,0,0.440788,0.820698,-0.363539
img__241,-0.013263,0.015303,0.336347,0.589455,0.04078,0.806771,0.676941,-0.569905,-0.465789,0.440788,0.820698,-0.363539
img__242,-0.003834,0.019884,0.336347,0.848954,-0.249636,0.465789,0.29152,-0.513942,-0.806771,0.440788,0.820698,-0.363539
img__243,0.006621,0.019137,0.336347,0.880976,-0.473162,0,-0.172013,-0.320269,-0.931579,0.440788,0.820698,-0.363539
img__244,0.015303,0.013263,0.336347,0.676941,-0.569905,-0.465789,-0.589455,-0.04078,-0.806771,0.440788,0.820698,-0.363539
img__245,0.019884,0.003834,0.336347,0.29152,-0.513942,-0.806771,-0.848954,0.249636,-0.465789,0.440788,0.820698,-0.363539
img__246,-0.017264,-0.040179,0.334106,0.223551,0.296537,0.928488,0.798513,-0.601978,0,0.55893,0.74141,-0.371361
img__247,-0.03504,-0.026164,0.334106,0.592857,-0.044181,0.804095,0.579756,-0.669597,-0.464244,0.55893,0.74141,-0.371361
img__248,-0.043428,-0.005139,0.334106,0.803308,-0.37306,0.464244,0.205655,-0.557797,-0.804095,0.55893,0.74141,-0.371361
img__249,-0.040179,0.017264,0.334106,0.798513,-0.601978,0,-0.223551,-0.296537,-0.928488,0.55893,0.74141,-0.371361
img__250,-0.026164,0.03504,0.334106,0.579756,-0.669597,-0.464244,-0.592857,0.044181,-0.804095,0.55893,0.74141,-0.371361
img__251,-0.005139,0.043428,0.334106,0.205655,-0.557797,-0.804095,-0.803308,0.37306,-0.464244,0.55893,0.74141,-0.371361
img__252,-0.004931,0.014011,0.336628,-0.900537,0.375109,-0.21983,0,0.505614,0.86276,0.434779,0.776947,-0.455325
img__253,0.002735,0.014599,0.336628,-0.779888,0.577661,0.241001,0.450269,0.25032,0.857087,0.434779,0.776947,-0.455325
img__254,0.009668,0.011275,0.336628,-0.450269,0.62543,0.637257,0.779888,-0.072047,0.621758,0.434779,0.776947,-0.455325
img__255,0.014011,0.004931,0.336628,0,0.505614,0.86276,0.900537,-0.375109,0.21983,0.434779,0.776947,-0.455325
img__256,0.014599,-0.002735,0.336628,0.450269,0.25032,0.857087,0.779888,-0.577661,-0.241001,0.434779,0.776947,-0.455325
img__257,0.011275,-0.009668,0.336628,0.779888,-0.072047,0.621758,0.450269,-0.62543,-0.637257,0.434779,0.776947,-0.455325
img__258,-0.003872,-0.016883,0.33651,0.218862,0.341752,0.91395,0.842113,-0.539301,0,0.492894,0.76965,-0.405826
img__259,-0.011795,-0.012685,0.33651,0.610597,0.026316,0.791504,0.61986,-0.637924,-0.456975,0.492894,0.76965,-0.405826
img__260,-0.016557,-0.005089,0.33651,0.838723,-0.296172,0.456975,0.231516,-0.565616,-0.791504,0.492894,0.76965,-0.405826
img__261,-0.016883,0.003872,0.33651,0.842113,-0.539301,0,-0.218862,-0.341752,-0.91395,0.492894,0.76965,-0.405826
img__262,-0.012685,0.011795,0.33651,0.61986,-0.637924,-0.456975,-0.610597,-0.026316,-0.791504,0.492894,0.76965,-0.405826
img__263,-0.005089,0.016557,0.33651,0.231516,-0.565616,-0.791504,-0.838723,0.296172,-0.456975,0.492894,0.76965,-0.405826
img__264,-0.009244,-0.018949,0.336295,0.213254,0.328096,0.920258,0.838453,-0.544974,0,0.501516,0.771593,-0.391312
img__265,-0.01748,-0.011788,0.336295,0.60391,0.011653,0.796967,0.619495,-0.636009,-0.460129,0.501516,0.771593,-0.391312
img__266,-0.021032,-0.001469,0.336295,0.832749,-0.307913,0.460129,0.234543,-0.556627,-0.796967,0.501516,0.771593,-0.391312
img__267,-0.018949,0.009244,0.336295,0.838453,-0.544974,0,-0.213254,-0.328096,-0.920258,0.501516,0.771593,-0.391312
img__268,-0.011788,0.01748,0.336295,0.619495,-0.636009,-0.460129,-0.60391,-0.011653,-0.796967,0.501516,0.771593,-0.391312
img__269,-0.001469,0.021032,0.336295,0.234543,-0.556627,-0.796967,-0.832749,0.307913,-0.460129,0.501516,0.771593,-0.391312
img__270,-0.007901,0.013237,0.336603,0.179186,0.351638,0.918827,0.890989,-0.454025,0,0.41717,0.818665,-0.39466
img__271,-0.000224,0.015414,0.336603,0.600674,0.077515,0.795728,0.682026,-0.569016,-0.459414,0.41717,0.818665,-0.39466
img__272,0.007513,0.013461,0.336603,0.861212,-0.217378,0.459414,0.290315,-0.53154,-0.795728,0.41717,0.818665,-0.39466
img__273,0.013237,0.007901,0.336603,0.890989,-0.454025,0,-0.179186,-0.351638,-0.918827,0.41717,0.818665,-0.39466
img__274,0.015414,0.000224,0.336603,0.682026,-0.569016,-0.459414,-0.600674,-0.077515,-0.795728,0.41717,0.818665,-0.39466
img__275,0.013461,-0.007513,0.336603,0.290315,-0.53154,-0.795728,-0.861212,0.217378,-0.459414,0.41717,0.818665,-0.39466
img__276,-0.023791,-0.003339,0.336098,-0.923626,0.341299,-0.174443,0,0.455114,0.890433,0.383295,0.822427,-0.420355
img__277,-0.022273,0.009004,0.336098,-0.799883,0.523131,0.294144,0.461813,0.223491,0.858359,0.383295,0.822427,-0.420355
img__278,-0.014787,0.018934,0.336098,-0.461813,0.56479,0.683916,0.799883,-0.068016,0.596289,0.383295,0.822427,-0.420355
img__279,-0.003339,0.023791,0.336098,0,0.455114,0.890433,0.923626,-0.341299,0.174443,0.383295,0.822427,-0.420355
img__280,0.009004,0.022273,0.336098,0.461813,0.223491,0.858359,0.799883,-0.523131,-0.294144,0.383295,0.822427,-0.420355
img__281,0.018934,0.014787,0.336098,0.799883,-0.068016,0.596289,0.461813,-0.56479,-0.683916,0.383295,0.822427,-0.420355
img__282,-0.025912,-0.019718,0.335379,0.188871,0.288988,0.938517,0.83708,-0.547081,0,0.513444,0.785614,-0.345234
img__283,-0.0323,-0.00412,0.335379,0.582107,-0.023269,0.812779,0.630497,-0.61828,-0.469258,0.513444,0.785614,-0.345234
img__284,-0.030032,0.012582,0.335379,0.819368,-0.329292,0.469258,0.254973,-0.523811,-0.812779,0.513444,0.785614,-0.345234
img__285,-0.019718,0.025912,0.335379,0.83708,-0.547081,0,-0.188871,-0.288988,-0.938517,0.513444,0.785614,-0.345234
img__286,-0.00412,0.0323,0.335379,0.630497,-0.61828,-0.469258,-0.582107,0.023269,-0.812779,0.513444,0.785614,-0.345234
img__287,0.012582,0.030032,0.335379,0.254973,-0.523811,-0.812779,-0.819368,0.329292,-0.469258,0.513444,0.785614,-0.345234
img__288,-0.001995,0.006548,0.336886,0.194309,0.361573,0.911871,0.880862,-0.473373,0,0.431655,0.803233,-0.410477
img__289,0.001546,0.006668,0.336886,0.608707,0.076445,0.789704,0.665695,-0.59074,-0.455936,0.431655,0.803233,-0.410477
img__290,0.004673,0.005002,0.336886,0.860003,-0.229166,0.455936,0.272155,-0.549818,-0.789704,0.431655,0.803233,-0.410477
img__291,0.006548,0.001995,0.336886,0.880862,-0.473373,0,-0.194309,-0.361573,-0.911871,0.431655,0.803233,-0.410477
img__292,0.006668,-0.001546,0.336886,0.665695,-0.59074,-0.455936,-0.608707,-0.076445,-0.789704,0.431655,0.803233,-0.410477
img__293,0.005002,-0.004673,0.336886,0.272155,-0.549818,-0.789704,-0.860003,0.229166,-0.455936,0.431655,0.803233,-0.410477
img__294,-0.015036,0.022164,0.33589,0.160706,0.339511,0.926772,0.903856,-0.427837,0,0.396507,0.837668,-0.375625
img__295,-0.00194,0.026712,0.33589,0.591103,0.080106,0.802608,0.702409,-0.540273,-0.463386,0.396507,0.837668,-0.375625
img__296,0.011676,0.024103,0.33589,0.863115,-0.200762,0.463386,0.312753,-0.507943,-0.802608,0.396507,0.837668,-0.375625
img__297,0.022164,0.015036,0.33589,0.903856,-0.427837,0,-0.160706,-0.339511,-0.926772,0.396507,0.837668,-0.375625
img__298,0.026712,0.00194,0.33589,0.702409,-0.540273,-0.463386,-0.591103,-0.080106,-0.802608,0.396507,0.837668,-0.375625
img__299,0.024103,-0.011676,0.33589,0.312753,-0.507943,-0.802608,-0.863115,0.200762,-0.463386,0.396507,0.837668,-0.375625
img__300,-0.028868,0.009471,0.310476,0.011878,-0.999303,0.0354,-0.948053,0,0.318113,-0.317892,-0.037339,-0.947392
img__301,-0.020265,0.022637,0.310476,-0.46374,-0.865421,0.189714,-0.826977,0.499651,0.257795,-0.317892,-0.037339,-0.947392
img__302,-0.006232,0.029737,0.310476,-0.815099,-0.499651,0.293194,-0.484313,0.865421,0.1284,-0.317892,-0.037339,-0.947392
img__303,0.009471,0.028868,0.310476,-0.948053,0,0.318113,-0.011878,0.999303,-0.0354,-0.317892,-0.037339,-0.947392
img__304,0.022637,0.020265,0.310476,-0.826977,0.499651,0.257795,0.46374,0.865421,-0.189714,-0.317892,-0.037339,-0.947392
img__305,0.029737,0.006232,0.310476,-0.484313,0.865421,0.1284,0.815099,0.499651,-0.293194,-0.317892,-0.037339,-0.947392
img__306,-0.024441,-0.020455,0.310327,0.009431,-0.999732,0.021125,-0.913142,0,0.407642,-0.407533,-0.023135,-0.912897
img__307,-0.031394,-0.005494,0.310327,-0.448404,-0.865794,0.222116,-0.795519,0.499866,0.342466,-0.407533,-0.023135,-0.912897
img__308,-0.029936,0.010939,0.310327,-0.786089,-0.499866,0.363591,-0.464738,0.865794,0.185526,-0.407533,-0.023135,-0.912897
img__309,-0.020455,0.024441,0.310327,-0.913142,0,0.407642,-0.009431,0.999732,-0.021125,-0.407533,-0.023135,-0.912897
img__310,-0.005494,0.031394,0.310327,-0.795519,0.499866,0.342466,0.448404,0.865794,-0.222116,-0.407533,-0.023135,-0.912897
img__311,0.010939,0.029936,0.310327,-0.464738,0.865794,0.185526,0.786089,0.499866,-0.363591,-0.407533,-0.023135,-0.912897
img__312,-0.01316,-0.00317,0.311665,-0.004684,-0.999914,-0.012282,-0.934364,0,0.356321,-0.35629,0.013144,-0.934283
img__313,-0.012982,0.003835,0.311665,-0.471238,-0.865951,0.167524,-0.806841,0.499957,0.314724,-0.35629,0.013144,-0.934283
img__314,-0.009325,0.009812,0.311665,-0.811524,-0.499957,0.302442,-0.463126,0.865951,0.188797,-0.35629,0.013144,-0.934283
img__315,-0.00317,0.01316,0.311665,-0.934364,0,0.356321,0.004684,0.999914,0.012282,-0.35629,0.013144,-0.934283
img__316,0.003835,0.012982,0.311665,-0.806841,0.499957,0.314724,0.471238,0.865951,-0.167524,-0.35629,0.013144,-0.934283
img__317,0.009812,0.009325,0.311665,-0.463126,0.865951,0.188797,0.811524,0.499957,-0.302442,-0.35629,0.013144,-0.934283
img__318,-0.006532,0.024639,0.310916,-0.009368,-0.999405,-0.033207,-0.962434,0,0.271515,-0.271353,0.034503,-0.961861
img__319,0.006663,0.024604,0.310916,-0.48933,-0.86551,0.106999,-0.828808,0.499702,0.251742,-0.271353,0.034503,-0.961861
img__320,0.018072,0.017976,0.310916,-0.838177,-0.499702,0.218535,-0.473104,0.86551,0.164516,-0.271353,0.034503,-0.961861
img__321,0.024639,0.006532,0.310916,-0.962434,0,0.271515,0.009368,0.999405,0.033207,-0.271353,0.034503,-0.961861
img__322,0.024604,-0.006663,0.310916,-0.828808,0.499702,0.251742,0.48933,0.86551,-0.106999,-0.271353,0.034503,-0.961861
img__323,0.017976,-0.018072,0.310916,-0.473104,0.86551,0.164516,0.838177,0.499702,-0.218535,-0.271353,0.034503,-0.961861
img__324,-0.019789,0.026989,0.310159,0.002157,-0.999967,0.007875,-0.964463,0,0.264219,-0.26421,-0.008165,-0.96443
img__325,-0.003643,0.033268,0.310159,-0.480363,-0.865997,0.13893,-0.836328,0.499983,0.224883,-0.26421,-0.008165,-0.96443
img__326,0.013479,0.030632,0.310159,-0.83417,-0.499983,0.232758,-0.4841,0.865997,0.125289,-0.26421,-0.008165,-0.96443
img__327,0.026989,0.019789,0.310159,-0.964463,0,0.264219,-0.002157,0.999967,-0.007875,-0.26421,-0.008165,-0.96443
img__328,0.033268,0.003643,0.310159,-0.836328,0.499983,0.224883,0.480363,0.865997,-0.13893,-0.26421,-0.008165,-0.96443
img__329,0.030632,-0.013479,0.310159,-0.4841,0.865997,0.125289,0.83417,0.499983,-0.232758,-0.26421,-0.008165,-0.96443
img__330,-0.006565,-0.006278,0.311827,-0.012539,-0.999412,-0.031921,-0.930761,0,0.365628,-0.365413,0.034295,-0.930214
img__331,-0.008824,-0.002154,0.311827,-0.47624,-0.865516,0.15517,-0.799793,0.499706,0.332603,-0.365413,0.034295,-0.930214
img__332,-0.008719,0.002547,0.311827,-0.812332,-0.499706,0.300683,-0.454521,0.865516,0.210458,-0.365413,0.034295,-0.930214
img__333,-0.006278,0.006565,0.311827,-0.930761,0,0.365628,0.012539,0.999412,0.031921,-0.365413,0.034295,-0.930214
img__334,-0.002154,0.008824,0.311827,-0.799793,0.499706,0.332603,0.47624,0.865516,-0.15517,-0.365413,0.034295,-0.930214
img__335,0.002547,0.008719,0.311827,-0.454521,0.865516,0.210458,0.812332,0.499706,-0.300683,-0.365413,0.034295,-0.930214
img__336,-0.022047,0.011796,0.310955,0.00479,-0.999881,0.014638,-0.950402,0,0.311024,-0.310987,-0.015402,-0.950289
img__337,-0.013195,0.02124,0.310955,-0.471052,-0.865923,0.168189,-0.825468,0.499941,0.262036,-0.310987,-0.015402,-0.950289
